1 0.316463 0.075829 0.134594 0.151659
0 0.500000 0.054502 0.038932 0.109005
0 0.681313 0.054502 0.038932 0.109005
0 0.818131 0.063981 0.050056 0.127962
0 0.904338 0.114929 0.051168 0.154028
0 0.217464 0.063981 0.052280 0.127962
0 0.109010 0.067536 0.053393 0.120853
2 0.760289 0.126777 0.034483 0.078199
2 0.612347 0.112559 0.032258 0.082938
2 0.152948 0.169431 0.041157 0.092417
3 0.715795 0.110190 0.032258 0.158768
3 0.565628 0.105450 0.045606 0.130332
3 0.590656 0.063981 0.033370 0.113744
3 0.042269 0.138626 0.048943 0.144550
