3 0.558398 0.138626 0.042269 0.177725
3 0.749166 0.145735 0.052280 0.158768
3 0.671858 0.104265 0.042269 0.142180
1 0.228587 0.104265 0.174638 0.208531
0 0.934372 0.135071 0.055617 0.170616
0 0.817019 0.074645 0.047831 0.125592
0 0.674638 0.060427 0.047831 0.120853
0 0.468854 0.068720 0.063404 0.137441
0 0.116796 0.095972 0.057842 0.144550
2 0.025584 0.279621 0.051168 0.132701
3 0.583982 0.086493 0.022247 0.154028
2 0.613459 0.150474 0.032258 0.097156
2 0.788654 0.159953 0.040044 0.106635
2 0.530590 0.129147 0.022247 0.078199
