2 0.132925 0.154028 0.043382 0.090047
2 0.025584 0.349526 0.051168 0.125592
2 0.567853 0.109005 0.027809 0.080569
2 0.702447 0.106635 0.032258 0.085308
1 0.919355 0.375592 0.154616 0.746445
3 0.828142 0.598341 0.170189 0.542654
3 0.023915 0.137441 0.047831 0.142180
3 0.520578 0.079384 0.035595 0.139810
3 0.553393 0.066351 0.027809 0.104265
3 0.614572 0.073460 0.030033 0.113744
3 0.659066 0.098341 0.025584 0.139810
0 0.847052 0.088863 0.047831 0.154028
0 0.765295 0.055687 0.033370 0.111374
0 0.465517 0.052133 0.043382 0.104265
0 0.082870 0.080569 0.047831 0.104265
0 0.187987 0.060427 0.048943 0.111374
1 0.286429 0.073460 0.132369 0.146919
