1 0.355951 0.084123 0.131257 0.168246
1 0.026140 0.155213 0.052280 0.277251
0 0.551724 0.059242 0.042269 0.118483
0 0.249166 0.060427 0.044494 0.120853
0 0.144605 0.058057 0.048943 0.116114
0 0.749166 0.062796 0.050056 0.125592
0 0.894883 0.088863 0.056730 0.144550
0 0.982202 0.159953 0.033370 0.168246
2 0.840934 0.163507 0.033370 0.094787
2 0.179644 0.169431 0.052280 0.097156
2 0.675195 0.143365 0.033370 0.087678
3 0.799778 0.137441 0.042269 0.180095
3 0.733593 0.099526 0.034483 0.146919
3 0.620690 0.119668 0.033370 0.154028
3 0.653504 0.085308 0.030033 0.123223
