3 0.588432 0.107820 0.048943 0.154028
3 0.621246 0.066351 0.030033 0.132701
3 0.701891 0.087678 0.037820 0.132701
3 0.050056 0.137441 0.048943 0.132701
2 0.798109 0.142180 0.041157 0.090047
2 0.631813 0.127962 0.033370 0.080569
2 0.157953 0.170616 0.053393 0.094787
3 0.749722 0.125592 0.044494 0.161137
0 0.949944 0.139810 0.060067 0.165877
0 0.857063 0.075829 0.054505 0.142180
0 0.716908 0.060427 0.036707 0.116114
0 0.527809 0.055687 0.043382 0.111374
0 0.233037 0.056872 0.047831 0.113744
0 0.126808 0.062796 0.055617 0.111374
1 0.330923 0.077014 0.139043 0.154028
1 0.019466 0.161137 0.038932 0.255924
