0 0.798665 0.115561 0.071190 0.194508
0 0.600111 0.069794 0.056730 0.139588
0 0.491101 0.048055 0.047831 0.096110
0 0.123471 0.110984 0.064516 0.176201
0 0.360957 0.062929 0.058954 0.125858
1 0.944939 0.059497 0.085651 0.118993
2 0.320356 0.181922 0.042269 0.098398
2 0.221913 0.175057 0.032258 0.093822
2 0.423804 0.115561 0.037820 0.080092
2 0.487208 0.131579 0.037820 0.098398
3 0.456062 0.133867 0.042269 0.176201
3 0.260845 0.180778 0.074527 0.210526
3 0.373749 0.108696 0.042269 0.157895
3 0.270300 0.116705 0.046719 0.155606
3 0.743757 0.055823 0.033034 0.099511
3 0.669725 0.045508 0.025366 0.091016
2 0.692436 0.064318 0.023596 0.053396
