1 0.086763 0.138444 0.173526 0.276888
0 0.338154 0.067506 0.040044 0.135011
0 0.781424 0.083524 0.063404 0.157895
0 0.970523 0.203661 0.056730 0.178490
0 0.671858 0.052632 0.042269 0.105263
0 0.543938 0.056064 0.048943 0.112128
2 0.487208 0.149886 0.033370 0.093822
2 0.408788 0.128146 0.030033 0.086957
2 0.649611 0.138444 0.040044 0.089245
2 0.595106 0.106407 0.035595 0.075515
3 0.546719 0.097254 0.034483 0.139588
3 0.436040 0.138444 0.037820 0.180778
3 0.457731 0.086957 0.034483 0.141876
3 0.614572 0.135011 0.047831 0.160183
3 0.869299 0.080092 0.038932 0.100686
3 0.947720 0.114416 0.033370 0.100686
2 0.895996 0.104119 0.023359 0.057208
