0 0.094549 0.084668 0.053393 0.141876
0 0.412125 0.072082 0.054505 0.144165
0 0.601780 0.085812 0.066741 0.171625
0 0.917130 0.162471 0.087875 0.210526
1 0.299221 0.107551 0.177976 0.215103
2 0.654060 0.290618 0.060067 0.155606
2 0.604004 0.207094 0.051168 0.116705
2 0.959956 0.310069 0.057842 0.139588
2 0.056730 0.218535 0.037820 0.102975
3 0.522247 0.243707 0.065628 0.267735
3 0.870412 0.387872 0.143493 0.359268
3 0.833148 0.234554 0.104561 0.244851
3 0.701891 0.169336 0.064516 0.205950
3 0.047275 0.128146 0.050056 0.118993
