0 0.899889 0.155606 0.077864 0.215103
0 0.646274 0.092677 0.064516 0.185355
0 0.450501 0.069794 0.048943 0.139588
0 0.338154 0.057208 0.051168 0.114416
0 0.189655 0.086957 0.054505 0.155606
1 0.946051 0.363844 0.105673 0.627002
2 0.154616 0.237986 0.053393 0.128146
2 0.032814 0.260870 0.047831 0.114416
2 0.268076 0.140732 0.035595 0.089245
2 0.343715 0.156751 0.044494 0.102975
3 0.312570 0.164760 0.060067 0.178490
3 0.210790 0.139588 0.056730 0.164760
3 0.080089 0.260870 0.097887 0.237986
3 0.086763 0.176201 0.064516 0.169336
3 0.584576 0.043961 0.024776 0.087922
3 0.515513 0.042050 0.020440 0.084099
2 0.537502 0.054792 0.021059 0.050969
