3 0.661846 0.363844 0.144605 0.503432
2 0.941602 0.491991 0.110122 0.283753
2 0.908788 0.299771 0.077864 0.173913
2 0.501112 0.250572 0.072303 0.171625
3 0.591769 0.124714 0.068966 0.249428
3 0.325918 0.191076 0.111235 0.318078
3 0.729143 0.199085 0.083426 0.311213
1 0.224694 0.084668 0.197998 0.169336
0 0.889878 0.128146 0.106785 0.247140
0 0.535595 0.072082 0.061179 0.144165
0 0.352614 0.056064 0.057842 0.112128
0 0.060067 0.059497 0.055617 0.118993
3 0.011707 0.099676 0.023413 0.124428
2 0.492611 0.162412 0.042924 0.113725
